3.176212003671457541e-05 3.054882171989258910e-05 2.389943140676935668e-05 1.643199819240898115e-05 1.036477137994335743e-05 6.265996329932036453e-06 3.804983602509980339e-06 2.406217300927912744e-06 1.607181846249237587e-06 1.127000319784536698e-06 8.160594968695141955e-07 5.986049959045796121e-07 4.369153109911919773e-07 3.086381066304234894e-07 2.151847266774199626e-07 1.422717417322772993e-07 8.577512122221757267e-08 4.729952793244683459e-08 1.388810084365807397e-04 2.156317474686451755e-04 3.100549552730811611e-04 3.204016633244165507e-04 2.331978897182647578e-04 1.499245390708858132e-04 9.311579002054960860e-05 5.881467988910902471e-05 3.864262243545510671e-05 2.641772167424408100e-05 1.860023458261017427e-05 1.331735541551313120e-05 9.557887634326089299e-06 6.767920231439350319e-06 4.646274037876021419e-06 3.008164519444041769e-06 1.775213346116111157e-06 1.166361418970458967e-06 1.277658071210229374e-04 1.999182273075574261e-04 3.083086614818008426e-04 4.133027413344025512e-04 3.777331084677370675e-04 2.605294260375738843e-04 1.641973748273666954e-04 1.021228657486302518e-04 6.541917421721422769e-05 4.375952951630648614e-05 3.036395596706499981e-05 2.159458702362979942e-05 1.553307123551718173e-05 1.113707799840719889e-05 7.830315678685909208e-06 5.304098549717830240e-06 3.302479331641537908e-06 2.009056319707623189e-06
3.054882171989258910e-05 3.825064410767051485e-05 3.534513187866729638e-05 2.598797758346187408e-05 1.683908448269785826e-05 1.026326787594029984e-05 6.233043949080356691e-06 3.935230338862315720e-06 2.625986922600465180e-06 1.841104950566941808e-06 1.333367708532457806e-06 9.783080846122209235e-07 7.142103098626936304e-07 5.046376210292602209e-07 3.518454231586251678e-07 2.326469146658516049e-07 1.402698669359539516e-07 7.735097688192660969e-08 9.124085834527933452e-05 1.473751518740647475e-04 2.312922866009060603e-04 3.353193535630536099e-04 3.425831693612453881e-04 2.409603196105098756e-04 1.522855436125727588e-04 9.613396824549102300e-05 6.303909813891491322e-05 4.307417964202355480e-05 3.034237571211289192e-05 2.173890707097439701e-05 1.561122134417070430e-05 1.105937426024870810e-05 7.594981966884962378e-06 4.917360265227678105e-06 2.904063377082128626e-06 1.906949421567346404e-06 8.137558194457182213e-05 1.325704099937040391e-04 2.127025784358846101e-04 3.303018381735673033e-04 4.470795876858818041e-04 3.992319687211052311e-04 2.665424325181637915e-04 1.671483227826587486e-04 1.068386678064264865e-04 7.134176270054315059e-05 4.950565946581867853e-05 3.523115995641614296e-05 2.535956270036637992e-05 1.819304628851171326e-05 1.279682239899931948e-05 8.670896897538134783e-06 5.400016965271822606e-06 3.285651133619222825e-06
2.389943140676935668e-05 3.534513187866729638e-05 4.410129885676272520e-05 3.906640787695417777e-05 2.703503781915426291e-05 1.680145198155924267e-05 1.022054835018698260e-05 6.436941656492146112e-06 4.288450775849079751e-06 3.005660741743405742e-06 2.177398847624596009e-06 1.598245000772381156e-06 1.167185352766450083e-06 8.250061199256992305e-07 5.752409638384163529e-07 3.804158273284388428e-07 2.293854299100128711e-07 1.264959733651938658e-07 5.728647026593270813e-05 9.338102685719595723e-05 1.514222995664844535e-04 2.415576720506748131e-04 3.554254499803323258e-04 3.602701155397063744e-04 2.472500465775366064e-04 1.571172679304417967e-04 1.026994573016964702e-04 7.010569864805951050e-05 4.941833862675766348e-05 3.544464425793227599e-05 2.547865109678598575e-05 1.806316851168897060e-05 1.241171791824071161e-05 8.036319212005949830e-06 4.751744896152818280e-06 3.117324694093635467e-06 5.073844071786053598e-05 8.298944220906473662e-05 1.351606976605393927e-04 2.188602167661664061e-04 3.456735645783333118e-04 4.741762046984572218e-04 4.160453911595199546e-04 2.728676279194056954e-04 1.744054212609089766e-04 1.161148277589606252e-04 8.056076357775201352e-05 5.739147739610597727e-05 4.135858542512292212e-05 2.969874257201209541e-05 2.090447176892249300e-05 1.417143507828671890e-05 8.829109163764805722e-06 5.373601334161897289e-06
1.643199819240898115e-05 2.598797758346187408e-05 3.906640787695417777e-05 4.888589027128024316e-05 4.155675455803993810e-05 2.735514097012243460e-05 1.678204496802366533e-05 1.053320576723061199e-05 6.997893204717899247e-06 4.901595166593467115e-06 3.552409734721810156e-06 2.609329064400786899e-06 1.906629118526950682e-06 1.348484311433277082e-06 9.403196592125556911e-07 6.219983828221025357e-07 3.751141981951325253e-07 2.068662313116708404e-07 3.524636241945385755e-05 5.753434911061219257e-05 9.426452641467654263e-05 1.537349323345146477e-04 2.483667878963535477e-04 3.723038549800609140e-04 3.763654543138601652e-04 2.559648655110079336e-04 1.670435847736399045e-04 1.137740697146643107e-04 8.027707956099752404e-05 5.767966107086196594e-05 4.152913309811229940e-05 2.947884508409002541e-05 2.027414733413214091e-05 1.312851458503862939e-05 7.777545260990713382e-06 5.094731896453598196e-06 3.124957109656494806e-05 5.093325744322679962e-05 8.331623344198133506e-05 1.364243466877404260e-04 2.224937983669320117e-04 3.568384589457169347e-04 4.977941531726728670e-04 4.325182750401584627e-04 2.843795780506620471e-04 1.885347193892986681e-04 1.306940099970146560e-04 9.325596499033595767e-05 6.733156650143000432e-05 4.842534401000622284e-05 3.412512842587438926e-05 2.315217006876618986e-05 1.443386038514249272e-05 8.788845978659112074e-06
1.036477137994335743e-05 1.683908448269785826e-05 2.703503781915426291e-05 4.155675455803993810e-05 5.254355122551406762e-05 4.309282130525111715e-05 2.754965936880318612e-05 1.725326700647817171e-05 1.140679938639734643e-05 7.979673306936322462e-06 5.787091966302117077e-06 4.255439292962798389e-06 3.112300704329302537e-06 2.203387600884054919e-06 1.536682618748062111e-06 1.016877469727697719e-06 6.134175062626075326e-07 3.383045345966918712e-07 2.190655809213753661e-05 3.590820341126212719e-05 5.861949015258978982e-05 9.600485724929368398e-05 1.570292384907063675e-04 2.555271377499852142e-04 3.894364713663290558e-04 3.948848862608328653e-04 2.709822782766198616e-04 1.838635027937767581e-04 1.298457437057829258e-04 9.356165521350779280e-05 6.754521297691459196e-05 4.804484751412962538e-05 3.309271351748150920e-05 2.143468760815793087e-05 1.273650016237267449e-05 8.323304695940880157e-06 1.933184215197596433e-05 3.181184494088811409e-05 5.200836509439838562e-05 8.503725139729214971e-05 1.391732236629935390e-04 2.276658986447497289e-04 3.687530910696207418e-04 5.228288704543597714e-04 4.541442748240614243e-04 3.052283429753252226e-04 2.110083203217428139e-04 1.509010339031094567e-04 1.092928095442273858e-04 7.880884976057646112e-05 5.564310982174998333e-05 3.779957785781079115e-05 2.359174519164670280e-05 1.437593279913196344e-05
6.265996329932036453e-06 1.026326787594029984e-05 1.680145198155924267e-05 2.735514097012243460e-05 4.309282130525111715e-05 5.540602985791163239e-05 4.430174621465377037e-05 2.830640903297009528e-05 1.857095210336057870e-05 1.295549296570273039e-05 9.404294051343645101e-06 6.927803466166586449e-06 5.074288273736351132e-06 3.598279306168387637e-06 2.510188561729967092e-06 1.662104477055980806e-06 1.003084565776050311e-06 5.532665757407705933e-07 1.413678173625608404e-05 2.310215359919247426e-05 3.775144323750064218e-05 6.165003595705266428e-05 1.006274584658935017e-04 1.641399351547329966e-04 2.670493042308994219e-04 4.111341229612983268e-04 4.201721599407176946e-04 2.954668465580968773e-04 2.085645519225880402e-04 1.509455978251070035e-04 1.094626542484574018e-04 7.812952457182408591e-05 5.394817149027730688e-05 3.496477031387360056e-05 2.087236749787890890e-05 1.358961498189949256e-05 1.260122765367546387e-05 2.059067055760298231e-05 3.364802890598694553e-05 5.496409918044307139e-05 8.972747237194878369e-05 1.463761258162035207e-04 2.386041633402997627e-04 3.868822073053437491e-04 5.547611573138413934e-04 4.863386407211038359e-04 3.383539595959288724e-04 2.424896657172170313e-04 1.765227330725218226e-04 1.278449103799793600e-04 9.055492905239885602e-05 6.164546265040264498e-05 3.854810107579680479e-05 2.351803340483068057e-05
3.804983602509980339e-06 6.233043949080356691e-06 1.022054835018698260e-05 1.678204496802366533e-05 2.754965936880318612e-05 4.430174621465377037e-05 5.810521461870102572e-05 4.598601909190969702e-05 3.021949895316179008e-05 2.094885957417590627e-05 1.522079061698122062e-05 1.124523508032101841e-05 8.256763577302453223e-06 5.870668337952165183e-06 4.097666669312396622e-06 2.715794412944317181e-06 1.640189760901912531e-06 9.048398108814959587e-07 9.493824329276854526e-06 1.549288167129780200e-05 2.532856902040405664e-05 4.130520991054789252e-05 6.730444695999830067e-05 1.094342549283831275e-04 1.774307392016981301e-04 2.865775817830335773e-04 4.416479578104754995e-04 4.562757892020494871e-04 3.315157633063216865e-04 2.412898920744374317e-04 1.762998980713932802e-04 1.265738526595310031e-04 8.775895098187104580e-05 5.696078376178627617e-05 3.423820016955918439e-05 2.216682102723274627e-05 8.529302963571353864e-06 1.389569491403647385e-05 2.270242171299980433e-05 3.707477097814015335e-05 6.044970532571141417e-05 9.839859623676762911e-05 1.597760087261502647e-04 2.585559420972665117e-04 4.161837174951418415e-04 5.989816111589580262e-04 5.337209148808779845e-04 3.853318328492096696e-04 2.826797484636291635e-04 2.062573011629122361e-04 1.468936829322156526e-04 1.003415348231335546e-04 6.295658729413630824e-05 3.848237448950722313e-05
2.406217300927912744e-06 3.935230338862315720e-06 6.436941656492146112e-06 1.053320576723061199e-05 1.725326700647817171e-05 2.830640903297009528e-05 4.598601909190969702e-05 6.142345852285992387e-05 4.895028768102502228e-05 3.370075509353632830e-05 2.447338988610946896e-05 1.816362192147135546e-05 1.339055844274373048e-05 9.562688244663336982e-06 6.682000360631293835e-06 4.434918611843380066e-06 2.681666686044654465e-06 1.479847761557600238e-06 6.588140495551643455e-06 1.076926478175222836e-05 1.758147416762595664e-05 2.869269013453822396e-05 4.675330972456080209e-05 7.601001256301849560e-05 1.231239797616283209e-04 1.983125712504635394e-04 3.168655077755744049e-04 4.847027979417638742e-04 5.063648531004706155e-04 3.797914626311835618e-04 2.808818699818622900e-04 2.037192018865663487e-04 1.422239129016204784e-04 9.262412386826471169e-05 5.622559486981581209e-05 3.610498273450240929e-05 5.929857653337364949e-06 9.701555817229903932e-06 1.584874250432568798e-05 2.587306242768353087e-05 4.219990926601039917e-05 6.871337005073781875e-05 1.115745530816724876e-04 1.803713985939070107e-04 2.895852779653869543e-04 4.605136439531435895e-04 6.601129818100453985e-04 5.994158848400136033e-04 4.459905907219716679e-04 3.295746842773478505e-04 2.369494833560704982e-04 1.627808849644756255e-04 1.027463540587402748e-04 6.298770192020506351e-05
1.607181846249237587e-06 2.625986922600465180e-06 4.288450775849079751e-06 6.997893204717899247e-06 1.140679938639734643e-05 1.857095210336057870e-05 3.021949895316179008e-05 4.895028768102502228e-05 6.616085734569787061e-05 5.386728614098385015e-05 3.895378400771719101e-05 2.909385178359719161e-05 2.159531883946648221e-05 1.553226777928606297e-05 1.087791215061227596e-05 7.235186056999897848e-06 4.383715985821692179e-06 2.420271667340997007e-06 4.681756204576365855e-06 7.652341193062276632e-06 1.249991983633132024e-05 2.040798716945542551e-05 3.328007015747999083e-05 5.417467948484998443e-05 8.792438326993447370e-05 1.419920800615290669e-04 2.274160336392234115e-04 3.594235263989285604e-04 5.427858167921461273e-04 5.719015355032106614e-04 4.388227312643803828e-04 3.240440010996232167e-04 2.289245451185890272e-04 1.502247415754265174e-04 9.241765171324606558e-05 5.868803693321685184e-05 4.230672508366570247e-06 6.917276199950279052e-06 1.130352469026101474e-05 1.846188872118605445e-05 3.013070164435986261e-05 4.911083791603273091e-05 7.987477503842735859e-05 1.294474486397088344e-04 2.085343167803626761e-04 3.325584817731881801e-04 5.220768408162141869e-04 7.411237337578008288e-04 6.840415169735347602e-04 5.174384137206541456e-04 3.783788951352632908e-04 2.625190404356014394e-04 1.674806906996195580e-04 1.031317639839007317e-04
1.127000319784536698e-06 1.841104950566941808e-06 3.005660741743405742e-06 4.901595166593467115e-06 7.979673306936322462e-06 1.295549296570273039e-05 2.094885957417590627e-05 3.370075509353632830e-05 5.386728614098385015e-05 7.302064702673915510e-05 6.117392588972390478e-05 4.594130380256565717e-05 3.449735916570489345e-05 2.509987831119794971e-05 1.765950811879935355e-05 1.178366160986989723e-05 7.163990395700647369e-06 3.958294114710199332e-06 3.360394691421278989e-06 5.492490054572714611e-06 8.975683012206965819e-06 1.466098369828198558e-05 2.392897196938104391e-05 3.900619937440131217e-05 6.345118151917250875e-05 1.028545331272328863e-04 1.657393287151833351e-04 2.643366039804608035e-04 4.140171817682102690e-04 6.161306542094923495e-04 6.514353312047368267e-04 5.039580907199107387e-04 3.638209352589234172e-04 2.426301625610162969e-04 1.518714914434270602e-04 9.516904115001978935e-05 3.043799656208103714e-06 4.975308148755734600e-06 8.131827242961344430e-06 1.328696409357494488e-05 2.169900304472173531e-05 3.540344513704059688e-05 5.767858321205082282e-05 9.373670917485292780e-05 1.517059026515434072e-04 2.437851535818056096e-04 3.868412516091242876e-04 6.005842557916354126e-04 8.418820588748335710e-04 7.841930147683738930e-04 5.926393083836470170e-04 4.189671822842581245e-04 2.722944718626646833e-04 1.688679319347506777e-04
8.160594968695141955e-07 1.333367708532457806e-06 2.177398847624596009e-06 3.552409734721810156e-06 5.787091966302117077e-06 9.404294051343645101e-06 1.522079061698122062e-05 2.447338988610946896e-05 3.895378400771719101e-05 6.117392588972390478e-05 8.248420731137353094e-05 7.093353424727741904e-05 5.419495063175655086e-05 4.018011459436597019e-05 2.853166520002698722e-05 1.913592223217911126e-05 1.170110047816953186e-05 6.473146637166175577e-06 2.399841056654326328e-06 3.923401441485809003e-06 6.412803003643884613e-06 1.047884629668174099e-05 1.711513398954909524e-05 2.793080542681334675e-05 4.551965714779782990e-05 7.401876651285594949e-05 1.199044364548182190e-04 1.929695818946843217e-04 3.069644704342998701e-04 4.777504697698725092e-04 7.013686702341543743e-04 7.389294436742868026e-04 5.640709935644463860e-04 3.885265395534456909e-04 2.487960128749862549e-04 1.539962758348365466e-04 2.175422553555756029e-06 3.556918211538148704e-06 5.814682975512727007e-06 9.503407422409506934e-06 1.552720798018252364e-05 2.535537348081282541e-05 4.136347321026512518e-05 6.737289418235820797e-05 1.094469096447876175e-04 1.770008329985731880e-04 2.840260010017613308e-04 4.492917314633940781e-04 6.918959033245193407e-04 9.572613810195515710e-04 8.899848780936187812e-04 6.557308721914741935e-04 4.398395062383121494e-04 2.761288441885017056e-04
5.986049959045796121e-07 9.783080846122209235e-07 1.598245000772381156e-06 2.609329064400786899e-06 4.255439292962798389e-06 6.927803466166586449e-06 1.124523508032101841e-05 1.816362192147135546e-05 2.909385178359719161e-05 4.594130380256565717e-05 7.093353424727741904e-05 9.454723209713193372e-05 8.266003826479377027e-05 6.316548902172304102e-05 4.568469711911198039e-05 3.092544991335030200e-05 1.908953094020434155e-05 1.058168370506856596e-05 1.677110924838764877e-06 2.742195179302976233e-06 4.483159986327449411e-06 7.327960228317703544e-06 1.197447930239884745e-05 1.955830924988158384e-05 3.191903213160029507e-05 5.202234419498328325e-05 8.459884229605087852e-05 1.370530553507387668e-04 2.205540270346669613e-04 3.505749033820819579e-04 5.435810688191819191e-04 7.881799373975406295e-04 8.195686063496064946e-04 6.090049201494372342e-04 4.039211357388578817e-04 2.488631339504722884e-04 1.519870108502902345e-06 2.485220117672069785e-06 4.063403544008117191e-06 6.642822555999356502e-06 1.085723214024449448e-05 1.773956612043515839e-05 2.896886321363321051e-05 4.726091041151543381e-05 7.698484713851251669e-05 1.250751718798672092e-04 2.022971249670860140e-04 3.245922219849385810e-04 5.129079889610924353e-04 7.856368780249172422e-04 1.072138515551175359e-03 9.817941227431036845e-04 6.985486680595113639e-04 4.490787303054662736e-04
4.369153109911919773e-07 7.142103098626936304e-07 1.167185352766450083e-06 1.906629118526950682e-06 3.112300704329302537e-06 5.074288273736351132e-06 8.256763577302453223e-06 1.339055844274373048e-05 2.159531883946648221e-05 3.449735916570489345e-05 5.419495063175655086e-05 8.266003826479377027e-05 1.088644643514169571e-04 9.577174550456480728e-05 7.183494495899213524e-05 4.956533776338666069e-05 3.106059070226821798e-05 1.727954904601358444e-05 1.127065995961525091e-06 1.842976512148314519e-06 3.013436869592813413e-06 4.926671525119212823e-06 8.053094214718812914e-06 1.315958190829920442e-05 2.149378380952231098e-05 3.507628097099922795e-05 5.716028566975991660e-05 9.292239069621918083e-05 1.504413413323528903e-04 2.419091755704611685e-04 3.844708907878225572e-04 5.969277522970523704e-04 8.640274912648556859e-04 8.902874006156155737e-04 6.409858094564262069e-04 4.013866382059707054e-04 1.019648084506939994e-06 1.667374937862041467e-06 2.726452895093266353e-06 4.457880042622996484e-06 7.287876678239958956e-06 1.191186580670191681e-05 1.946310598515741774e-05 3.178354576487504206e-05 5.185164605456825030e-05 8.445247698357180480e-05 1.371643624357399521e-04 2.217286811672034279e-04 3.556049428081416489e-04 5.622356926186960254e-04 8.625144968932341215e-04 1.172608016298854524e-03 1.057266054269393081e-03 7.191999208594346141e-04
3.086381066304234894e-07 5.046376210292602209e-07 8.250061199256992305e-07 1.348484311433277082e-06 2.203387600884054919e-06 3.598279306168387637e-06 5.870668337952165183e-06 9.562688244663336982e-06 1.553226777928606297e-05 2.509987831119794971e-05 4.018011459436597019e-05 6.316548902172304102e-05 9.577174550456480728e-05 1.245800474976377164e-04 1.085522217648514777e-04 7.815175580339113622e-05 5.021880432529236328e-05 2.815578371123453723e-05 6.826958830552958327e-07 1.116493682129478915e-06 1.825988903665577366e-06 2.986464787718646439e-06 4.884754859483297577e-06 7.990355307550259237e-06 1.307218907339985168e-05 2.139056059941757510e-05 3.501098813043230086e-05 5.731826101822771167e-05 9.383708750210255833e-05 1.534820073636868412e-04 2.502085114459172204e-04 4.041983998557409472e-04 6.376222721471104180e-04 9.293867146868240803e-04 9.419447086539724234e-04 6.393918512650035874e-04 6.168422198982166196e-07 1.008779155089394656e-06 1.649784495250952192e-06 2.698177277066089223e-06 4.412984173133732960e-06 7.218056911747840784e-06 1.180719995343342967e-05 1.931678214544009566e-05 3.160912046122458813e-05 5.173507384910484901e-05 8.469007989135227251e-05 1.386033938547535807e-04 2.265101172769691941e-04 3.684909714190497641e-04 5.921912437173136329e-04 9.215752622275166089e-04 1.254197475710280927e-03 1.097506983629486718e-03
2.151847266774199626e-07 3.518454231586251678e-07 5.752409638384163529e-07 9.403196592125556911e-07 1.536682618748062111e-06 2.510188561729967092e-06 4.097666669312396622e-06 6.682000360631293835e-06 1.087791215061227596e-05 1.765950811879935355e-05 2.853166520002698722e-05 4.568469711911198039e-05 7.183494495899213524e-05 1.085522217648514777e-04 1.394340680152221100e-04 1.183925538583912934e-04 7.998435339422359171e-05 4.571991625365476276e-05 4.336872661300488823e-07 7.091897529913901387e-07 1.159672995250310590e-06 1.896211343198511818e-06 3.100301600516181529e-06 5.068341481684448625e-06 8.284015063012434356e-06 1.353595711992330198e-05 2.210933823599127939e-05 3.609765161215052560e-05 5.891411170001211286e-05 9.612955617856594459e-05 1.568295888883736514e-04 2.555607903518641952e-04 4.139985445307776219e-04 6.572939790582073196e-04 9.616983896278484111e-04 9.471637502957725580e-04 3.877751594356565312e-07 6.341220595711105562e-07 1.036948761598836554e-06 1.695612619690059371e-06 2.772509374573012331e-06 4.532959133801938116e-06 7.410202029668935227e-06 1.211111318489332705e-05 1.978810159075206738e-05 3.231905928164114663e-05 5.276261643965162362e-05 8.610510180071715119e-05 1.404759481227724986e-04 2.290810338969349121e-04 3.727932684855793160e-04 6.016529551283918966e-04 9.446213134912020536e-04 1.287314669926307260e-03
1.422717417322772993e-07 2.326469146658516049e-07 3.804158273284388428e-07 6.219983828221025357e-07 1.016877469727697719e-06 1.662104477055980806e-06 2.715794412944317181e-06 4.434918611843380066e-06 7.235186056999897848e-06 1.178366160986989723e-05 1.913592223217911126e-05 3.092544991335030200e-05 4.956533776338666069e-05 7.815175580339113622e-05 1.183925538583912934e-04 1.505807754457846902e-04 1.222341453000196922e-04 7.375391153472833747e-05 2.588482442287751828e-07 4.232968896795902330e-07 6.922149136234925982e-07 1.131954800042247108e-06 1.850999706322740024e-06 3.026672100806540303e-06 4.948712594860608656e-06 8.090188122958338120e-06 1.322246704571822955e-05 2.160079765719314152e-05 3.525925498031908098e-05 5.746783688560785501e-05 9.342135575903518559e-05 1.513335531071783539e-04 2.444552547954018757e-04 3.945859388375335709e-04 6.325700864864445758e-04 9.407343490037153953e-04 2.240544282901415737e-07 3.664034138190048302e-07 5.991909402562919230e-07 9.798716249687580540e-07 1.602403656260008651e-06 2.620430958311378841e-06 4.285189258136860051e-06 7.007414050920051382e-06 1.145827464360679966e-05 1.873369651548650698e-05 3.062095310175505915e-05 5.002491464571404020e-05 8.163771260718245500e-05 1.329753483143061290e-04 2.161247316812120304e-04 3.509497821247342577e-04 5.697811900985543009e-04 9.112078382961200530e-04
8.577512122221757267e-08 1.402698669359539516e-07 2.293854299100128711e-07 3.751141981951325253e-07 6.134175062626075326e-07 1.003084565776050311e-06 1.640189760901912531e-06 2.681666686044654465e-06 4.383715985821692179e-06 7.163990395700647369e-06 1.170110047816953186e-05 1.908953094020434155e-05 3.106059070226821798e-05 5.021880432529236328e-05 7.998435339422359171e-05 1.222341453000196922e-04 1.535359013323892041e-04 1.158088279733817641e-04 1.168703714364358795e-07 1.911319891123996908e-07 3.125911792047717078e-07 5.112605654763502314e-07 8.362694342632119099e-07 1.368086597422820908e-06 2.238648171584849550e-06 3.664607320001815519e-06 6.002524453646443050e-06 9.841296331910887840e-06 1.615927335080441672e-05 2.659527008686618716e-05 4.392121497643503171e-05 7.286550915837774632e-05 1.214811642122161291e-04 2.030648260257558854e-04 3.389689187581291304e-04 5.620156712216413299e-04 1.046425184703063267e-07 1.711299930958123954e-07 2.798667836004248179e-07 4.577064649828383467e-07 7.485857916496082417e-07 1.224411527677421452e-06 2.002931752733183148e-06 3.277124330416933641e-06 5.363655477204038542e-06 8.783140150495853915e-06 1.439430484933765920e-05 2.362182708130183936e-05 3.884954736705513087e-05 6.411031694316266785e-05 1.063016796499830462e-04 1.771850279891824288e-04 2.961254002206431405e-04 4.945187099805892911e-04
4.729952793244683459e-08 7.735097688192660969e-08 1.264959733651938658e-07 2.068662313116708404e-07 3.383045345966918712e-07 5.532665757407705933e-07 9.048398108814959587e-07 1.479847761557600238e-06 2.420271667340997007e-06 3.958294114710199332e-06 6.473146637166175577e-06 1.058168370506856596e-05 1.727954904601358444e-05 2.815578371123453723e-05 4.571991625365476276e-05 7.375391153472833747e-05 1.158088279733817641e-04 1.479808688998114792e-04 5.040247277233625677e-08 8.242636012743113918e-08 1.347985873503183205e-07 2.204505645157281064e-07 3.605369287489315480e-07 5.896709551341697364e-07 9.645113981210603720e-07 1.577866348785590521e-06 2.581905632155787465e-06 4.226467507595847103e-06 6.922705116235814972e-06 1.135054916435241149e-05 1.864398068147077100e-05 3.071605718528612407e-05 5.085319700073437897e-05 8.488585202437782021e-05 1.437400467152939623e-04 2.485122386737664011e-04 4.567980721363201673e-08 7.470288184025908821e-08 1.221671820601132233e-07 1.997914658226410303e-07 3.267452408136258378e-07 5.343896091881247674e-07 8.740475014321939645e-07 1.429752652932658912e-06 2.339205999669779271e-06 3.828294444958808273e-06 6.268069868493624261e-06 1.026941083553044074e-05 1.684217716160314244e-05 2.766339420407375101e-05 4.553016686731225116e-05 7.516578872039486570e-05 1.248930320368768119e-04 2.106562610506916805e-04
1.388810084365807397e-04 9.124085834527933452e-05 5.728647026593270813e-05 3.524636241945385755e-05 2.190655809213753661e-05 1.413678173625608404e-05 9.493824329276854526e-06 6.588140495551642608e-06 4.681756204576365008e-06 3.360394691421278989e-06 2.399841056654326328e-06 1.677110924838764877e-06 1.127065995961525091e-06 6.826958830552958327e-07 4.336872661300487764e-07 2.588482442287752887e-07 1.168703714364358663e-07 5.040247277233625677e-08 1.000278398238941668e-04 9.208729455835753771e-05 6.640284692060418237e-05 4.381154684678574042e-05 2.677333654698429397e-05 1.601241555655879387e-05 9.809706855406530345e-06 6.345945066478374866e-06 4.350091127601266943e-06 3.125576335608621555e-06 2.310408751802392216e-06 1.722028737994565910e-06 1.270739331862380566e-06 9.125523980170184460e-07 6.271181527616555068e-07 4.038256716787731379e-07 2.376341949216716223e-07 1.396287264217819333e-07 1.507971854950262806e-04 1.695950789878705571e-04 1.366279436177281767e-04 9.042389256736832112e-05 5.607712611448718555e-05 3.359618782054068375e-05 2.039056222776732582e-05 1.305004580566184912e-05 8.859200218498553822e-06 6.340793109134364642e-06 4.693533146784220159e-06 3.514328650842925602e-06 2.612642737971089925e-06 1.894807368155142230e-06 1.318398460280955825e-06 8.653681569055025798e-07 5.149719980880693043e-07 2.903250618883186139e-07
2.156317474686451755e-04 1.473751518740647204e-04 9.338102685719595723e-05 5.753434911061219257e-05 3.590820341126213397e-05 2.310215359919247426e-05 1.549288167129780200e-05 1.076926478175222836e-05 7.652341193062276632e-06 5.492490054572714611e-06 3.923401441485809850e-06 2.742195179302976233e-06 1.842976512148314519e-06 1.116493682129478915e-06 7.091897529913901387e-07 4.232968896795902330e-07 1.911319891123996908e-07 8.242636012743116565e-08 9.208729455835753771e-05 1.148960832455025110e-04 1.012983308981880190e-04 6.989293240753277603e-05 4.366046874948893014e-05 2.630183514193274230e-05 1.608319540596617975e-05 1.037465807140976744e-05 7.102144197060303947e-06 5.105872767847960129e-06 3.773780778786107691e-06 2.813903461749305276e-06 2.077204980912642059e-06 1.491970896155504826e-06 1.025418952173476679e-06 6.603370305139720967e-07 3.886310462891329387e-07 2.283331321544593824e-07 1.117758444082249760e-04 1.653579700229633302e-04 1.871219938300902716e-04 1.425697179216078197e-04 9.163588981266498304e-05 5.511489813899411304e-05 3.341102850538302694e-05 2.127873982400107459e-05 1.446398581113329865e-05 1.036696932681011324e-05 7.664783508096093104e-06 5.741455678701353816e-06 4.269775588360908177e-06 3.097432749576447302e-06 2.155597595592984066e-06 1.415041975112793145e-06 8.421443392005846670e-07 4.747961186780092066e-07
3.100549552730811611e-04 2.312922866009060332e-04 1.514222995664844535e-04 9.426452641467654263e-05 5.861949015258978982e-05 3.775144323750064218e-05 2.532856902040405664e-05 1.758147416762595664e-05 1.249991983633132024e-05 8.975683012206965819e-06 6.412803003643884613e-06 4.483159986327450258e-06 3.013436869592813837e-06 1.825988903665577366e-06 1.159672995250310590e-06 6.922149136234925982e-07 3.125911792047717078e-07 1.347985873503183470e-07 6.640284692060418237e-05 1.012983308981880190e-04 1.272646719711798512e-04 1.075327542652006581e-04 7.094594620595783007e-05 4.315326070595364296e-05 2.636692610543574854e-05 1.694991624623459761e-05 1.159712689821294350e-05 8.330976308946420802e-06 6.162566893048519058e-06 4.597059820895500107e-06 3.394535213501461300e-06 2.438867774502975628e-06 1.676554192459924518e-06 1.079731069586770382e-06 6.355944741248962447e-07 3.733837063539382979e-07 7.346096040712736606e-05 1.170838066504722384e-04 1.768164639626416306e-04 1.995562586165462943e-04 1.457581499426822763e-04 9.054693547784926086e-05 5.496456914044755020e-05 3.487073816170337571e-05 2.360244714123418023e-05 1.688397165734014264e-05 1.250712773281650872e-05 9.374644423141014778e-06 6.975485086795166437e-06 5.062282388551960409e-06 3.523957079126264558e-06 2.313723928753299384e-06 1.377166156571690457e-06 7.764970101792016301e-07
3.204016633244165507e-04 3.353193535630536099e-04 2.415576720506748131e-04 1.537349323345146477e-04 9.600485724929369753e-05 6.165003595705266428e-05 4.130520991054788575e-05 2.869269013453822396e-05 2.040798716945542890e-05 1.466098369828198558e-05 1.047884629668174099e-05 7.327960228317705238e-06 4.926671525119212823e-06 2.986464787718647286e-06 1.896211343198512030e-06 1.131954800042247108e-06 5.112605654763503372e-07 2.204505645157281064e-07 4.381154684678574042e-05 6.989293240753277603e-05 1.075327542652006581e-04 1.366124119813486525e-04 1.112998201264608900e-04 7.081227536584205234e-05 4.332823876711227185e-05 2.770640428057681486e-05 1.890099896801657604e-05 1.357938784445710674e-05 1.005062342859897578e-05 7.503828411673048025e-06 5.544836638184444779e-06 3.985684316058989153e-06 2.740772682828041501e-06 1.765339606646545705e-06 1.039546672198518965e-06 6.105592366728198335e-07 4.571961825777202541e-05 7.492409836713675888e-05 1.198678129759212657e-04 1.838452556072802952e-04 2.079125247579914116e-04 1.471224556795154884e-04 9.049127853255697505e-05 5.701981400008089242e-05 3.845086174551527069e-05 2.750224093214650929e-05 2.037749952638597545e-05 1.529099670048900578e-05 1.138840052676581487e-05 8.270251819760258727e-06 5.759702313205627748e-06 3.782756816385356438e-06 2.252053621339286887e-06 1.269950902415075899e-06
2.331978897182647578e-04 3.425831693612453881e-04 3.554254499803323258e-04 2.483667878963535477e-04 1.570292384907063675e-04 1.006274584658935017e-04 6.730444695999830067e-05 4.675330972456079532e-05 3.328007015747999083e-05 2.392897196938104391e-05 1.711513398954909185e-05 1.197447930239884745e-05 8.053094214718814608e-06 4.884754859483297577e-06 3.100301600516181529e-06 1.850999706322740236e-06 8.362694342632119099e-07 3.605369287489316539e-07 2.677333654698429397e-05 4.366046874948893014e-05 7.094594620595783007e-05 1.112998201264608900e-04 1.432672812363294541e-04 1.135653412094362897e-04 7.132993246602183080e-05 4.530796028644930171e-05 3.075789430121607246e-05 2.208556675770918378e-05 1.636559133245173788e-05 1.223481088640671732e-05 9.050574094681391896e-06 6.510701279688943844e-06 4.479485826093391409e-06 2.885895730324549722e-06 1.700367714110599042e-06 9.983413611832890808e-07 2.759038010922443566e-05 4.492282353460972950e-05 7.375018464875268546e-05 1.203861589318177888e-04 1.881673377345407085e-04 2.140278527769320666e-04 1.486860611382529948e-04 9.354226072791155743e-05 6.253989623972982929e-05 4.464378069783915890e-05 3.312298567942642492e-05 2.489973491160691173e-05 1.857302949383562006e-05 1.350278422519705499e-05 9.410692131111153484e-06 6.183477806010356170e-06 3.682641286671443606e-06 2.077105920688489839e-06
1.499245390708858132e-04 2.409603196105098756e-04 3.602701155397063744e-04 3.723038549800609140e-04 2.555271377499852142e-04 1.641399351547329966e-04 1.094342549283831275e-04 7.601001256301852271e-05 5.417467948484998443e-05 3.900619937440131217e-05 2.793080542681334675e-05 1.955830924988158384e-05 1.315958190829920442e-05 7.990355307550259237e-06 5.068341481684448625e-06 3.026672100806540727e-06 1.368086597422821120e-06 5.896709551341698423e-07 1.601241555655879387e-05 2.630183514193274230e-05 4.315326070595364296e-05 7.081227536584205234e-05 1.135653412094362897e-04 1.487098662880276560e-04 1.161356146654234436e-04 7.423118917562437197e-05 4.993878047608482466e-05 3.579886586004982907e-05 2.657360295750425271e-05 1.991012606814353850e-05 1.475473578553507924e-05 1.062775988226915327e-05 7.318430530190645614e-06 4.716644295297439150e-06 2.781598551546721768e-06 1.632282427799206415e-06 1.646949561469419687e-05 2.707851579644844056e-05 4.448189303464671648e-05 7.314135788257917256e-05 1.204488835413065336e-04 1.921068040804662660e-04 2.207360717983140343e-04 1.537083042747732777e-04 1.015856520374048335e-04 7.216404162257414366e-05 5.363082386870696638e-05 4.043445585471797972e-05 3.023661683439923562e-05 2.202244537456224597e-05 1.536735288341110818e-05 1.010508778657297584e-05 6.021718348661983718e-06 3.397577436089927983e-06
9.311579002054960860e-05 1.522855436125727588e-04 2.472500465775366064e-04 3.763654543138601652e-04 3.894364713663290558e-04 2.670493042308994219e-04 1.774307392016981301e-04 1.231239797616283209e-04 8.792438326993447370e-05 6.345118151917250875e-05 4.551965714779782990e-05 3.191903213160029507e-05 2.149378380952231098e-05 1.307218907339985168e-05 8.284015063012434356e-06 4.948712594860608656e-06 2.238648171584849550e-06 9.645113981210601602e-07 9.809706855406530345e-06 1.608319540596617975e-05 2.636692610543574854e-05 4.332823876711227185e-05 7.132993246602183080e-05 1.161356146654234436e-04 1.549169733608436186e-04 1.212002345622350782e-04 8.092881217885786735e-05 5.772330939093059577e-05 4.295022899112194294e-05 3.229635278127025792e-05 2.400540384551292337e-05 1.732764554846157151e-05 1.194912119769839412e-05 7.705936300999063668e-06 4.551166737893230632e-06 2.668411209877521946e-06 1.039181696527083179e-05 1.698019598635940806e-05 2.783519370506522942e-05 4.555253358006780491e-05 7.480123942190208103e-05 1.231250747759280687e-04 1.986521722596438675e-04 2.312267910932209992e-04 1.651005453509492695e-04 1.159491433451840950e-04 8.628057070408122269e-05 6.535757210569095095e-05 4.907933136186265401e-05 3.585491394440604911e-05 2.507042043906122677e-05 1.650641937866928461e-05 9.845809865223309574e-06 5.558318279390479358e-06
5.881467988910903149e-05 9.613396824549102300e-05 1.571172679304417967e-04 2.559648655110079336e-04 3.948848862608328653e-04 4.111341229612983268e-04 2.865775817830335773e-04 1.983125712504635394e-04 1.419920800615290669e-04 1.028545331272328863e-04 7.401876651285593594e-05 5.202234419498326970e-05 3.507628097099924151e-05 2.139056059941757510e-05 1.353595711992330367e-05 8.090188122958338120e-06 3.664607320001815519e-06 1.577866348785590733e-06 6.345945066478374866e-06 1.037465807140976744e-05 1.694991624623459761e-05 2.770640428057681486e-05 4.530796028644930171e-05 7.423118917562437197e-05 1.212002345622350782e-04 1.640759790208342543e-04 1.308462922701745070e-04 9.240308997269715567e-05 6.889097610125127183e-05 5.210553772611116642e-05 3.892331390422110453e-05 2.819556315955996052e-05 1.948953087126843595e-05 1.258252368363162978e-05 7.448348208878297648e-06 4.361237317027380774e-06 6.935443824631288850e-06 1.135767058259690404e-05 1.853337275726650414e-05 3.024514795713361491e-05 4.929827326106569986e-05 8.031752656204405939e-05 1.309929760063332301e-04 2.110679593026629718e-04 2.488032431900312870e-04 1.852358027710879782e-04 1.373853576770984835e-04 1.048168252740528658e-04 7.926645611244193348e-05 5.820429687420056354e-05 4.083553119420601032e-05 2.694202578047926697e-05 1.609666950264669112e-05 9.095394610036135186e-06
3.864262243545510671e-05 6.303909813891491322e-05 1.026994573016964702e-04 1.670435847736399045e-04 2.709822782766198616e-04 4.201721599407176946e-04 4.416479578104754995e-04 3.168655077755744049e-04 2.274160336392234115e-04 1.657393287151833351e-04 1.199044364548182190e-04 8.459884229605087852e-05 5.716028566975991660e-05 3.501098813043230086e-05 2.210933823599127939e-05 1.322246704571822785e-05 6.002524453646442203e-06 2.581905632155787888e-06 4.350091127601266943e-06 7.102144197060303947e-06 1.159712689821294350e-05 1.890099896801657604e-05 3.075789430121607246e-05 4.993878047608482466e-05 8.092881217885786735e-05 1.308462922701745070e-04 1.783470683443944124e-04 1.467762892871087726e-04 1.091535985881484798e-04 8.329133353700676941e-05 6.274739221892365419e-05 4.572671341980254521e-05 3.173254085190176473e-05 2.052679442694013842e-05 1.219401418412877129e-05 7.125238447535042980e-06 4.919240157497026370e-06 8.017067622585507652e-06 1.308933387831721855e-05 2.133855693837509202e-05 3.471512136273188483e-05 5.630126521212332842e-05 9.092266509281532959e-05 1.461799713418175781e-04 2.323363452024630293e-04 2.764681498181940206e-04 2.156639809197112058e-04 1.658543745131358911e-04 1.269181972254931868e-04 9.401092539855273873e-05 6.633609168021450974e-05 4.391747528683294128e-05 2.631140816470965496e-05 1.488909470032061312e-05
2.641772167424408100e-05 4.307417964202354802e-05 7.010569864805951050e-05 1.137740697146643107e-04 1.838635027937767581e-04 2.954668465580968773e-04 4.562757892020494871e-04 4.847027979417638742e-04 3.594235263989285604e-04 2.643366039804608035e-04 1.929695818946843217e-04 1.370530553507387668e-04 9.292239069621918083e-05 5.731826101822771845e-05 3.609765161215052560e-05 2.160079765719314491e-05 9.841296331910889534e-06 4.226467507595846256e-06 3.125576335608621555e-06 5.105872767847960129e-06 8.330976308946420802e-06 1.357938784445710674e-05 2.208556675770918378e-05 3.579886586004982907e-05 5.772330939093059577e-05 9.240308997269715567e-05 1.467762892871087726e-04 1.996288993054617304e-04 1.700676226325952315e-04 1.310282333018608961e-04 1.001344959983057009e-04 7.373200665840939731e-05 5.151008942456885778e-05 3.344024339929543409e-05 1.997156274559574389e-05 1.163391174890777067e-05 3.603698943337210579e-06 5.892009526483861342e-06 9.617904333664356110e-06 1.568332400686412977e-05 2.552981379303726975e-05 4.143653995403187926e-05 6.693123402909161100e-05 1.072865781511771362e-04 1.700764755558566458e-04 2.648227410809922606e-04 3.163911141715634390e-04 2.566984176279560629e-04 2.001077759282468799e-04 1.505084865698758513e-04 1.072611270364089685e-04 7.142375747880844779e-05 4.299701909089836542e-05 2.438784042707753559e-05
1.860023458261017765e-05 3.034237571211288175e-05 4.941833862675766348e-05 8.027707956099752404e-05 1.298457437057829258e-04 2.085645519225880402e-04 3.315157633063216865e-04 5.063648531004706155e-04 5.427858167921460189e-04 4.140171817682102690e-04 3.069644704342998701e-04 2.205540270346669613e-04 1.504413413323528903e-04 9.383708750210255833e-05 5.891411170001210608e-05 3.525925498031908098e-05 1.615927335080441672e-05 6.922705116235814972e-06 2.310408751802392216e-06 3.773780778786107691e-06 6.162566893048519058e-06 1.005062342859897578e-05 1.636559133245173788e-05 2.657360295750425271e-05 4.295022899112194294e-05 6.889097610125127183e-05 1.091535985881484798e-04 1.700676226325952315e-04 2.291527851455393134e-04 2.008143291535639482e-04 1.568875668621116709e-04 1.176713030564645589e-04 8.316554962615844981e-05 5.435722386736681832e-05 3.272058591508034066e-05 1.897788007911731435e-05 2.697036853127373355e-06 4.404942240645400012e-06 7.194359969776862245e-06 1.174266068905770523e-05 1.913824111907275904e-05 3.112568458028197257e-05 5.044027729735303298e-05 8.124903671621173007e-05 1.295524598127798476e-04 2.031214177591913171e-04 3.096532052718911849e-04 3.692516886453908937e-04 3.067689695083487800e-04 2.370664856051299971e-04 1.719875509236328231e-04 1.156796603497996641e-04 7.023113894978823843e-05 3.998058231094335426e-05
